000000000000000000000000000000000000000000000000000000000000222222220002002222200002220000022220000002222200222000222222220002002222200022200000
000000000000000000000000000000000000000000000000000000000000
000000000000000000000000000000000000000000000000000000000000
222200000000000000000000000000000000000000000000000000000000
000000000000022220000000000000000000000000000000000022222222
0000000000000000000000000000000000000000000002222200000000000002222000000222220000000222222222200020022222000002222000000222220000002222222222200020022222000000002222222000000222220020000222222220002002222200002220000022220000002222200222000222222220002002222200022200000
000022000000000000000000000000000000000000000000000000000000
000000000000000000000000000000000222000000000000000000000000
000000000000000000000000000000000000000000000000000000000000
0000000000000000000000000222220000000022000000000000000000000000000000000000000000000000000000000000000002222200000000000002222000000222220000000222222222200020022222000002222000000222220000002222222222200020022222000000002222222000000222220020000222222220002002222200002220000022220000002222200222000222222220002002222200022200000
220000000000000000000000000000000000000000000000000000000000
222222222222222222220000000000000000000000000000000000000000
00000000000000000000000000000000000000000000000000000000000022220000000000000000000022222000000000000000000000000222222220000000000000000000000002220000000000000000000000000002200000000000000000000000000002222000000000000000000000000002222000000000000000222000000000000000000000000000000000000222200000000000000000000000002222